NAME OF RESERVOIR,FRL (m),RESERVOIR LEVEL (m),LIVE CAPACITY AT FRL (BCM),CURRENT LIVE STORAGE (BCM),DATE,CURRENT YEAR,LAST YEAR,LAST 10 YEARS AVERAGE,IRR. (CCA) IN TH. HA,HYDEL IN MW,Latitude,Longitude
MALAPRABHA(RENUKA),633.83,627.57,0.972,0.35,2016-10-27,36,28,71,215,-,31.258165,77.6557982
MALAPRABHA(RENUKA),633.83,632.26,0.972,0.779,2020-12-17,80,90,41,215.0,0.0,31.258165,77.6557982
MALAPRABHA(RENUKA),633.83,625.05,0.972,0.195,2015-07-22,20,9,29,215,-,31.258165,77.6557982
MALAPRABHA(RENUKA),633.83,630.95,0.972,0.638,2018-10-04,66,37,61,215,-,31.258165,77.6557982
MALAPRABHA(RENUKA),633.83,620.14,0.972,0.018,2017-06-08,2,1,5,215,-,31.258165,77.6557982
MALAPRABHA(RENUKA),633.83,626.38,0.972,0.269,2021-03-25,28,38,11,215.0,0.0,31.258165,77.6557982
MALAPRABHA(RENUKA),633.83,629.9,0.972,0.539,2020-02-06,55,17,19,215.0,0.0,31.258165,77.6557982
MALAPRABHA(RENUKA),633.83,625.94,0.972,0.242,2017-08-31,25,38,59,215,-,31.258165,77.6557982
MALAPRABHA(RENUKA),633.83,628.61,0.972,0.429,2023-10-26,44.0,100.0,72.0,215.0,0.0,31.258165,77.6557982
MALAPRABHA(RENUKA),633.83,620.22,0.972,0.02,2016-05-11,2,8,7,215,-,31.258165,77.6557982
MALAPRABHA(RENUKA),633.83,621.39,0.972,0.052,2018-05-30,5,2,6,215,-,31.258165,77.6557982
MALAPRABHA(RENUKA),633.83,624.98,0.972,0.19,2016-12-22,20,14,47,215,-,31.258165,77.6557982
MALAPRABHA(RENUKA),633.83,633.07,0.972,0.876,2021-11-25,90.0,94.0,58.0,215.0,0.0,31.258165,77.6557982
MALAPRABHA(RENUKA),633.83,625.77,0.972,0.231,2022-06-09,24.0,19.0,7.0,215.0,0.0,31.258165,77.6557982
MALAPRABHA(RENUKA),633.83,633.13,0.972,0.883,2022-08-18,91.0,92.0,60.0,215.0,0.0,31.258165,77.6557982
MALAPRABHA(RENUKA),633.83,632.95,0.972,0.861,2021-11-18,89.0,98.0,57.0,215.0,0.0,31.258165,77.6557982
MALAPRABHA(RENUKA),633.83,633.44,0.972,0.922,2022-08-25,95.0,95.0,59.0,215.0,0.0,31.258165,77.6557982
MALAPRABHA(RENUKA),633.83,629.67,0.972,0.518,2023-09-06,53.0,100.0,68.0,215.0,0.0,31.258165,77.6557982
MALAPRABHA(RENUKA),633.83,621.49,0.972,0.055,2018-05-23,6,2,6,215,-,31.258165,77.6557982
MALAPRABHA(RENUKA),633.83,627.93,0.972,0.377,2020-07-23,39,29,22,215.0,0.0,31.258165,77.6557982
MALAPRABHA(RENUKA),633.83,624.1,0.972,0.151,2015-12-02,16,62,65,215,-,31.258165,77.6557982
MALAPRABHA(RENUKA),633.83,630.13,0.972,0.56,2021-01-21,58,66,26,215.0,0.0,31.258165,77.6557982
MALAPRABHA(RENUKA),633.83,632.73,0.972,0.824,2021-08-05,85,44,40,215.0,0.0,31.258165,77.6557982
MALAPRABHA(RENUKA),633.83,623.98,0.972,0.144,2015-12-14,15,55,58,215,-,31.258165,77.6557982
MALAPRABHA(RENUKA),633.83,626.91,0.972,0.303,2021-03-18,31,38,12,215.0,0.0,31.258165,77.6557982
MALAPRABHA(RENUKA),633.83,625.77,0.972,0.232,2017-08-24,24,38,58,215,-,31.258165,77.6557982
MALAPRABHA(RENUKA),633.83,631.01,0.972,0.644,2018-10-10,66,39,66,215,-,31.258165,77.6557982
MALAPRABHA(RENUKA),633.83,625.08,0.972,0.195,2023-05-03,20.0,26.0,10.0,215.0,0.0,31.258165,77.6557982
MALAPRABHA(RENUKA),633.83,627.69,0.972,0.359,2024-01-04,37.0,65.0,42.0,215.0,0.0,31.258165,77.6557982
MALAPRABHA(RENUKA),633.83,623.9,0.972,0.141,2016-07-27,15,21,35,215,-,31.258165,77.6557982
MALAPRABHA(RENUKA),633.83,621.85,0.972,0.066,2016-07-13,7,19,21,215,-,31.258165,77.6557982
MALAPRABHA(RENUKA),633.83,633.48,0.972,0.927,2020-09-24,95,100,60,215,0.0,31.258165,77.6557982
MALAPRABHA(RENUKA),633.83,626.15,0.972,0.254,2020-07-09,26,9,10,215.0,0.0,31.258165,77.6557982
MALAPRABHA(RENUKA),633.83,621.82,0.972,0.065,2016-02-17,7,16,18,215,-,31.258165,77.6557982
MALAPRABHA(RENUKA),633.83,629.02,0.972,0.463,2023-10-19,48.0,100.0,70.0,215.0,0.0,31.258165,77.6557982
MALAPRABHA(RENUKA),633.83,620.28,0.972,0.022,2016-05-05,2,9,7,215,-,31.258165,77.6557982
MALAPRABHA(RENUKA),633.83,622.11,0.972,0.074,2019-04-11,8,7,8,215,-,31.258165,77.6557982
MALAPRABHA(RENUKA),633.83,625.78,0.972,0.232,2022-06-23,24.0,43.0,9.0,215.0,0.0,31.258165,77.6557982
MALAPRABHA(RENUKA),633.83,625.35,0.972,0.201,2016-12-07,21,15,58,215,-,31.258165,77.6557982
MALAPRABHA(RENUKA),633.83,622.26,0.972,0.079,2019-04-04,8,8,9,215,-,31.258165,77.6557982
MALAPRABHA(RENUKA),633.83,624.84,0.972,0.183,2021-06-17,19,25,6,215.0,0.0,31.258165,77.6557982
MALAPRABHA(RENUKA),633.83,625.04,0.972,0.193,2021-06-03,20,27,7,215.0,0.0,31.258165,77.6557982
MALAPRABHA(RENUKA),633.83,620.88,0.972,0.034,2017-04-26,3,2,7,215,-,31.258165,77.6557982
MALAPRABHA(RENUKA),633.83,621.42,0.972,0.053,2016-02-24,5,15,16,215,-,31.258165,77.6557982
MALAPRABHA(RENUKA),633.83,633.07,0.972,0.876,2021-08-12,90,76,51,215.0,0.0,31.258165,77.6557982
MALAPRABHA(RENUKA),633.83,625.56,0.972,0.22,2024-03-14,23.0,28.0,20.0,215.0,0.0,31.258165,77.6557982
MALAPRABHA(RENUKA),633.83,625.16,0.972,0.199,2024-03-28,20.0,26.0,17.0,215.0,0.0,31.258165,77.6557982
MALAPRABHA(RENUKA),633.83,619.87,0.972,0.012,2017-06-21,1,1,6,215,-,31.258165,77.6557982
MALAPRABHA(RENUKA),633.83,627.84,0.972,0.37,2023-12-21,38.0,73.0,51.0,215.0,0.0,31.258165,77.6557982
MALAPRABHA(RENUKA),633.83,627.65,0.972,0.356,2024-01-11,37.0,60.0,40.0,215.0,0.0,31.258165,77.6557982
MALAPRABHA(RENUKA),633.83,624.9,0.972,0.186,2023-05-11,19.0,24.0,11.0,215.0,0.0,31.258165,77.6557982
MALAPRABHA(RENUKA),633.83,624.92,0.972,0.188,2015-07-08,19,2,17,215,-,31.258165,77.6557982
MALAPRABHA(RENUKA),633.83,626.26,0.972,0.261,2015-09-29,27,75,79,215,-,31.258165,77.6557982
MALAPRABHA(RENUKA),633.83,624.0,0.972,0.148,2019-01-23,15,17,25,215,-,31.258165,77.6557982
MALAPRABHA(RENUKA),633.83,633.28,0.972,0.902,2019-08-14,93,51,45,215,-,31.258165,77.6557982
MALAPRABHA(RENUKA),633.83,628.28,0.972,0.499,2017-11-01,51,34,65,215,-,31.258165,77.6557982
MALAPRABHA(RENUKA),633.83,628.19,0.972,0.396,2017-11-16,41,31,59,215,-,31.258165,77.6557982
MALAPRABHA(RENUKA),633.83,627.84,0.972,0.37,2022-03-17,38.0,32.0,15.0,215.0,0.0,31.258165,77.6557982
MALAPRABHA(RENUKA),633.83,633.83,0.972,0.972,2019-11-20,100,48,51,215.0,0.0,31.258165,77.6557982
MALAPRABHA(RENUKA),633.83,626.56,0.972,0.28,2020-05-21,29,4,6,215.0,0.0,31.258165,77.6557982
MALAPRABHA(RENUKA),633.83,626.45,0.972,0.273,2015-10-28,28,74,78,215,-,31.258165,77.6557982
MALAPRABHA(RENUKA),633.83,626.51,0.972,0.277,2015-10-14,28,76,84,215,-,31.258165,77.6557982
MALAPRABHA(RENUKA),633.83,627.1,0.972,0.316,2018-12-13,33,29,47,215,-,31.258165,77.6557982
MALAPRABHA(RENUKA),633.83,623.85,0.972,0.139,2024-04-24,14.0,21.0,15.0,215.0,0.0,31.258165,77.6557982
MALAPRABHA(RENUKA),633.83,628.19,0.972,0.396,2020-07-30,41,37,31,215.0,0.0,31.258165,77.6557982
MALAPRABHA(RENUKA),633.83,633.53,0.972,0.933,2022-11-17,96.0,88.0,60.0,215.0,0.0,31.258165,77.6557982
MALAPRABHA(RENUKA),633.83,621.73,0.972,0.062,2017-03-16,6,5,10,215,-,31.258165,77.6557982
MALAPRABHA(RENUKA),633.83,623.07,0.972,0.108,2017-03-02,11,5,13,215,-,31.258165,77.6557982
MALAPRABHA(RENUKA),633.83,624.05,0.972,0.148,2015-12-08,15,58,62,215,-,31.258165,77.6557982
MALAPRABHA(RENUKA),0.0,72.0,0.0,72.0,2022-11-03,100.0,4.0,62.0,215,0.0,31.258165,77.6557982
MALAPRABHA(RENUKA),633.83,629.44,0.972,0.498,2023-09-27,51.0,100.0,69.0,215.0,0.0,31.258165,77.6557982
MALAPRABHA(RENUKA),633.83,632.15,0.972,0.766,2022-01-06,79.0,67.0,32.0,215.0,0.0,31.258165,77.6557982
MALAPRABHA(RENUKA),633.83,632.1,0.972,0.76,2022-01-13,78.0,62.0,33.0,215.0,0.0,31.258165,77.6557982
MALAPRABHA(RENUKA),633.83,633.6,0.972,0.943,2020-10-01,97,100,64,215.0,0.0,31.258165,77.6557982
MALAPRABHA(RENUKA),633.83,629.63,0.972,0.515,2023-09-14,53.0,100.0,68.0,215.0,0.0,31.258165,77.6557982
MALAPRABHA(RENUKA),633.83,633.68,0.972,0.953,2020-10-15,98,100,65,215.0,0.0,31.258165,77.6557982
MALAPRABHA(RENUKA),633.83,633.62,0.972,0.945,2020-10-29,97,100,64,215.0,0.0,31.258165,77.6557982
MALAPRABHA(RENUKA),633.83,622.84,0.972,0.1,2019-03-19,10,7,9,215,-,31.258165,77.6557982
MALAPRABHA(RENUKA),633.83,625.21,0.972,0.201,2021-05-27,21,27,6,215.0,0.0,31.258165,77.6557982
MALAPRABHA(RENUKA),633.83,623.93,0.972,0.142,2024-04-18,15.0,22.0,16.0,215.0,0.0,31.258165,77.6557982
MALAPRABHA(RENUKA),633.83,627.49,0.972,0.344,2018-12-06,35,30,47,215,-,31.258165,77.6557982
MALAPRABHA(RENUKA),633.83,627.52,0.972,0.346,2016-09-14,36,28,71,215,-,31.258165,77.6557982
MALAPRABHA(RENUKA),633.83,624.58,0.972,0.171,2017-01-11,18,13,34,215,-,31.258165,77.6557982
MALAPRABHA(RENUKA),633.83,630.83,0.972,0.637,2016-08-31,66,28,65,215,-,31.258165,77.6557982
MALAPRABHA(RENUKA),633.83,627.61,0.972,0.353,2016-09-29,36,27,72,215,-,31.258165,77.6557982
MALAPRABHA(RENUKA),633.83,627.69,0.972,0.358,2016-10-19,37,28,73,215,-,31.258165,77.6557982
MALAPRABHA(RENUKA),633.83,625.24,0.972,0.204,2015-07-27,21,21,37,215,-,31.258165,77.6557982
MALAPRABHA(RENUKA),633.83,628.66,0.972,0.434,2023-02-09,45.0,59.0,26.0,215.0,0.0,31.258165,77.6557982
MALAPRABHA(RENUKA),633.83,633.83,0.972,0.972,2019-08-28,100,65,52,215,-,31.258165,77.6557982
MALAPRABHA(RENUKA),633.83,624.54,0.972,0.169,2019-01-30,17,17,21,215,-,31.258165,77.6557982
MALAPRABHA(RENUKA),633.83,631.12,0.972,0.655,2018-09-19,67,31,58,215,-,31.258165,77.6557982
MALAPRABHA(RENUKA),633.83,626.64,0.972,0.285,2018-07-19,29,8,17,215,-,31.258165,77.6557982
MALAPRABHA(RENUKA),633.83,620.72,0.972,0.033,2019-06-06,3,5,5,215,-,31.258165,77.6557982
MALAPRABHA(RENUKA),633.83,627.68,0.972,0.358,2023-02-23,37.0,50.0,22.0,215.0,0.0,31.258165,77.6557982
MALAPRABHA(RENUKA),633.83,626.31,0.972,0.264,2015-09-22,27,74,78,215,-,31.258165,77.6557982
MALAPRABHA(RENUKA),633.83,626.08,0.972,0.25,2021-04-15,26,33,10,215.0,0.0,31.258165,77.6557982
MALAPRABHA(RENUKA),633.83,619.25,0.972,0.0,2016-07-06,0,19,15,215,-,31.258165,77.6557982
MALAPRABHA(RENUKA),633.83,626.21,0.972,0.258,2021-04-01,27,36,11,215.0,0.0,31.258165,77.6557982
MALAPRABHA(RENUKA),633.83,625.83,0.972,0.235,2021-04-28,24,31,8,215.0,0.0,31.258165,77.6557982
MALAPRABHA(RENUKA),633.83,625.66,0.972,0.226,2024-03-07,23.0,30.0,21.0,215.0,0.0,31.258165,77.6557982
MALAPRABHA(RENUKA),633.83,624.87,0.972,0.184,2021-06-10,19,26,6,215.0,0.0,31.258165,77.6557982
MALAPRABHA(RENUKA),633.83,621.04,0.972,0.042,2017-04-18,4,3,8,215,-,31.258165,77.6557982
MALAPRABHA(RENUKA),633.83,624.4,0.972,0.163,2018-02-01,17,15,23,215,-,31.258165,77.6557982
MALAPRABHA(RENUKA),633.83,623.83,0.972,0.138,2018-02-15,14,14,18,215,-,31.258165,77.6557982
MALAPRABHA(RENUKA),633.83,622.72,0.972,0.095,2023-07-13,10.0,38.0,20.0,215.0,0.0,31.258165,77.6557982
MALAPRABHA(RENUKA),633.83,625.82,0.972,0.234,2022-06-30,24.0,45.0,12.0,215.0,0.0,31.258165,77.6557982
MALAPRABHA(RENUKA),633.83,622.83,0.972,0.099,2023-07-06,10.0,25.0,15.0,215.0,0.0,31.258165,77.6557982
MALAPRABHA(RENUKA),633.83,623.96,0.972,0.144,2019-02-28,15,12,14,215,-,31.258165,77.6557982
MALAPRABHA(RENUKA),633.83,620.6,0.972,0.03,2019-06-12,3,5,5,215,-,31.258165,77.6557982
MALAPRABHA(RENUKA),633.83,629.75,0.972,0.525,2021-07-22,54,38,23,215.0,0.0,31.258165,77.6557982
MALAPRABHA(RENUKA),633.83,621.28,0.972,0.049,2016-03-09,5,13,12,215,-,31.258165,77.6557982
MALAPRABHA(RENUKA),633.83,622.05,0.972,0.072,2018-04-12,7,5,8,215,-,31.258165,77.6557982
MALAPRABHA(RENUKA),633.83,630.08,0.972,0.556,2023-08-24,57.0,94.0,65.0,215.0,0.0,31.258165,77.6557982
MALAPRABHA(RENUKA),633.83,633.83,0.972,0.972,2019-09-19,100,67,56,215.0,0.0,31.258165,77.6557982
MALAPRABHA(RENUKA),633.83,626.99,0.972,0.309,2016-11-10,32,27,67,215,-,31.258165,77.6557982
MALAPRABHA(RENUKA),633.83,633.83,0.972,0.972,2019-10-10,100,66,64,215.0,0.0,31.258165,77.6557982
MALAPRABHA(RENUKA),633.83,627.85,0.972,0.37,2020-03-19,38,10,10,215.0,0.0,31.258165,77.6557982
MALAPRABHA(RENUKA),633.83,623.48,0.972,0.125,2016-01-12,13,40,38,215,-,31.258165,77.6557982
MALAPRABHA(RENUKA),633.83,631.61,0.972,0.706,2022-12-22,73.0,88.0,43.0,215.0,0.0,31.258165,77.6557982
MALAPRABHA(RENUKA),633.83,626.27,0.972,0.262,2017-09-07,27,37,63,215,-,31.258165,77.6557982
MALAPRABHA(RENUKA),633.83,627.89,0.972,0.373,2016-08-24,38,29,64,215,-,31.258165,77.6557982
MALAPRABHA(RENUKA),633.83,619.79,0.972,0.01,2016-06-09,1,7,6,215,-,31.258165,77.6557982
MALAPRABHA(RENUKA),633.83,623.13,0.972,0.111,2016-01-24,11,31,31,215,-,31.258165,77.6557982
MALAPRABHA(RENUKA),633.83,627.64,0.972,0.362,2016-08-17,37,28,64,215,-,31.258165,77.6557982
MALAPRABHA(RENUKA),633.83,625.43,0.972,0.213,2015-11-18,22,68,70,215,-,31.258165,77.6557982
MALAPRABHA(RENUKA),633.83,633.07,0.972,0.876,2021-12-16,90.0,81.0,41.0,215.0,0.0,31.258165,77.6557982
MALAPRABHA(RENUKA),633.83,628.24,0.972,0.4,2017-10-25,41,36,66,215,-,31.258165,77.6557982
MALAPRABHA(RENUKA),633.83,633.12,0.972,0.882,2021-12-02,91.0,90.0,50.0,215.0,0.0,31.258165,77.6557982
MALAPRABHA(RENUKA),633.83,625.8,0.972,0.233,2022-05-12,24.0,22.0,9.0,215.0,0.0,31.258165,77.6557982
MALAPRABHA(RENUKA),633.83,623.65,0.972,0.131,2023-06-08,13.0,24.0,9.0,215.0,0.0,31.258165,77.6557982
MALAPRABHA(RENUKA),633.83,633.68,0.972,0.953,2021-10-07,98,100,64,215.0,0.0,31.258165,77.6557982
MALAPRABHA(RENUKA),633.83,629.93,0.972,0.542,2023-08-31,56.0,98.0,67.0,215.0,0.0,31.258165,77.6557982
MALAPRABHA(RENUKA),633.83,620.89,0.972,0.038,2019-05-30,4,5,5,215,-,31.258165,77.6557982
MALAPRABHA(RENUKA),0.,72.0,0.0,72.0,2022-10-27,100.0,7.0,63,215,0.0,31.258165,77.6557982
MALAPRABHA(RENUKA),633.83,631.62,0.972,0.707,2020-01-09,73,23,28,215.0,0.0,31.258165,77.6557982
MALAPRABHA(RENUKA),633.83,626.33,0.972,0.266,2024-02-08,27.0,45.0,29.0,215.0,0.0,31.258165,77.6557982
MALAPRABHA(RENUKA),633.83,625.97,0.972,0.243,2024-02-22,25.0,38.0,25.0,215.0,0.0,31.258165,77.6557982
MALAPRABHA(RENUKA),633.83,620.6,0.972,0.03,2017-05-11,3,2,6,215,-,31.258165,77.6557982
MALAPRABHA(RENUKA),633.83,632.0,0.972,0.749,2020-08-13,77,92,49,215.0,0.0,31.258165,77.6557982
MALAPRABHA(RENUKA),633.83,633.62,0.972,0.944,2021-09-30,97,97,63,215.0,0.0,31.258165,77.6557982
MALAPRABHA(RENUKA),633.83,630.94,0.972,0.637,2020-01-21,66,21,24,215.0,0.0,31.258165,77.6557982
MALAPRABHA(RENUKA),633.83,624.41,0.972,0.164,2019-02-07,17,16,19,215,-,31.258165,77.6557982
MALAPRABHA(RENUKA),633.83,621.12,0.972,0.047,2018-04-05,5,6,9,215,-,31.258165,77.6557982
MALAPRABHA(RENUKA),633.83,623.04,0.972,0.107,2023-06-22,11.0,24.0,12.0,215.0,0.0,31.258165,77.6557982
MALAPRABHA(RENUKA),633.83,633.33,0.972,0.908,2020-11-26,93,100,56,215.0,0.0,31.258165,77.6557982
MALAPRABHA(RENUKA),633.83,625.25,0.972,0.204,2017-12-19,21,20,47,215,-,31.258165,77.6557982
MALAPRABHA(RENUKA),633.83,621.75,0.972,0.063,2018-06-28,6,1,8,215,-,31.258165,77.6557982
MALAPRABHA(RENUKA),633.83,633.83,0.972,0.972,2019-09-26,100,62,56,215.0,0.0,31.258165,77.6557982
MALAPRABHA(RENUKA),633.83,621.65,0.972,0.06,2018-06-14,6,2,5,215,-,31.258165,77.6557982
MALAPRABHA(RENUKA),633.83,628.15,0.972,0.393,2017-10-16,40,37,68,215,-,31.258165,77.6557982
MALAPRABHA(RENUKA),633.83,625.19,0.972,0.2,2023-04-27,21.0,27.0,13.0,215.0,0.0,31.258165,77.6557982
MALAPRABHA(RENUKA),633.83,625.6,0.972,0.224,2015-08-05,23,42,53,215,-,31.258165,77.6557982
MALAPRABHA(RENUKA),633.83,619.52,0.972,0.004,2016-06-22,0,6,7,215,-,31.258165,77.6557982
MALAPRABHA(RENUKA),633.83,626.56,0.972,0.28,2017-09-14,29,36,64,215,-,31.258165,77.6557982
MALAPRABHA(RENUKA),633.83,632.34,0.972,0.788,2022-12-08,81.0,91.0,54.0,215.0,0.0,31.258165,77.6557982
MALAPRABHA(RENUKA),633.83,628.6,0.972,0.428,2021-02-11,44,53,19,215.0,0.0,31.258165,77.6557982
MALAPRABHA(RENUKA),633.83,627.79,0.972,0.366,2020-03-23,38,10,10,215.0,0.0,31.258165,77.6557982
MALAPRABHA(RENUKA),633.83,624.41,0.972,0.164,2015-11-24,17,66,68,215,-,31.258165,77.6557982
MALAPRABHA(RENUKA),633.83,629.15,0.972,0.473,2021-02-04,49,57,21,215.0,0.0,31.258165,77.6557982
MALAPRABHA(RENUKA),633.83,629.3,0.972,0.486,2022-02-24,50.0,38.0,18.0,215.0,0.0,31.258165,77.6557982
MALAPRABHA(RENUKA),633.83,626.1,0.972,0.251,2022-05-05,26.0,22.0,9.0,215.0,0.0,31.258165,77.6557982
MALAPRABHA(RENUKA),633.83,630.66,0.972,0.61,2022-07-28,63.0,82.0,33.0,215.0,0.0,31.258165,77.6557982
MALAPRABHA(RENUKA),633.83,628.19,0.972,0.396,2022-07-14,41.0,48.0,17.0,215.0,0.0,31.258165,77.6557982
MALAPRABHA(RENUKA),633.83,629.93,0.972,0.423,2020-08-06,44,78,45,215.0,0.0,31.258165,77.6557982
MALAPRABHA(RENUKA),633.83,628.83,0.972,0.447,2021-07-08,46,24,11,215.0,0.0,31.258165,77.6557982
MALAPRABHA(RENUKA),633.83,620.74,0.972,0.033,2017-05-04,3,2,7,215,-,31.258165,77.6557982
MALAPRABHA(RENUKA),633.83,621.71,0.972,0.062,2018-05-09,6,3,7,215,-,31.258165,77.6557982
MALAPRABHA(RENUKA),633.83,623.43,0.972,0.122,2024-05-16,13.0,18.0,12.0,215.0,0.0,31.258165,77.6557982
MALAPRABHA(RENUKA),633.83,623.76,0.972,0.135,2024-05-01,14.0,20.0,13.0,215.0,0.0,31.258165,77.6557982
MALAPRABHA(RENUKA),633.83,633.83,0.972,0.972,2022-10-20,100.0,100.0,64.0,215.0,0.0,31.258165,77.6557982
MALAPRABHA(RENUKA),633.83,623.97,0.972,0.144,2017-02-08,15,8,20,215,-,31.258165,77.6557982
MALAPRABHA(RENUKA),633.83,633.65,0.972,0.949,2021-09-09,98,96,61,215.0,0.0,31.258165,77.6557982
MALAPRABHA(RENUKA),633.83,621.02,0.972,0.041,2019-05-23,4,6,6,215,-,31.258165,77.6557982
MALAPRABHA(RENUKA),633.83,633.83,0.972,0.972,2022-09-15,100.0,100.0,65.0,215.0,0.0,31.258165,77.6557982
MALAPRABHA(RENUKA),633.83,633.83,0.972,0.972,2021-10-14,100,98,64,215.0,0.0,31.258165,77.6557982
MALAPRABHA(RENUKA),633.83,630.37,0.972,0.582,2023-01-12,60.0,76.0,35.0,215.0,0.0,31.258165,77.6557982
MALAPRABHA(RENUKA),633.83,633.83,0.972,0.972,2022-09-01,100.0,97.0,61.0,215.0,0.0,31.258165,77.6557982
MALAPRABHA(RENUKA),633.83,633.83,0.972,0.972,2022-09-29,100.0,98.0,63.0,215.0,0.0,31.258165,77.6557982
MALAPRABHA(RENUKA),633.83,633.59,0.972,0.941,2021-10-28,97.0,97.0,62.0,215.0,0.0,31.258165,77.6557982
MALAPRABHA(RENUKA),633.83,624.62,0.972,0.172,2018-01-18,18,16,30,215,-,31.258165,77.6557982
MALAPRABHA(RENUKA),633.83,623.58,0.972,0.128,2016-01-06,13,44,42,215,-,31.258165,77.6557982
MALAPRABHA(RENUKA),633.83,627.6,0.972,0.352,2020-04-02,36,8,9,215.0,0.0,31.258165,77.6557982
MALAPRABHA(RENUKA),633.83,627.2,0.972,0.324,2017-09-27,33,36,66,215,-,31.258165,77.6557982
MALAPRABHA(RENUKA),633.83,627.1,0.972,0.316,2020-04-16,33,7,8,215.0,0.0,31.258165,77.6557982
MALAPRABHA(RENUKA),633.83,625.33,0.972,0.208,2021-05-20,21,29,7,215.0,0.0,31.258165,77.6557982
MALAPRABHA(RENUKA),633.83,633.83,0.972,0.972,2019-10-17,100,66,60,215.0,0.0,31.258165,77.6557982
MALAPRABHA(RENUKA),633.83,633.83,0.972,0.972,2019-10-03,100,75,62,215.0,0.0,31.258165,77.6557982
MALAPRABHA(RENUKA),633.83,630.05,0.972,0.553,2018-11-07,57,41,57,215,-,31.258165,77.6557982
MALAPRABHA(RENUKA),633.83,626.95,0.972,0.306,2016-11-14,31,26,65,215,-,31.258165,77.6557982
MALAPRABHA(RENUKA),633.83,626.44,0.972,0.273,2023-03-16,28.0,38.0,17.0,215.0,0.0,31.258165,77.6557982
MALAPRABHA(RENUKA),633.83,627.05,0.972,0.313,2023-03-02,32.0,47.0,20.0,215.0,0.0,31.258165,77.6557982
MALAPRABHA(RENUKA),633.83,627.23,0.972,0.328,2016-11-03,34,28,70,215,-,31.258165,77.6557982
MALAPRABHA(RENUKA),633.83,624.52,0.972,0.168,2018-01-24,17,16,27,215,-,31.258165,77.6557982
MALAPRABHA(RENUKA),633.83,623.06,0.972,0.108,2018-03-08,11,9,13,215,-,31.258165,77.6557982
MALAPRABHA(RENUKA),633.83,621.34,0.972,0.05,2016-03-03,5,15,16,215,-,31.258165,77.6557982
MALAPRABHA(RENUKA),633.83,628.49,0.972,0.419,2023-11-02,43.0,100.0,68.0,215.0,0.0,31.258165,77.6557982
MALAPRABHA(RENUKA),633.83,628.05,0.972,0.386,2023-11-16,40.0,97.0,64.0,215.0,0.0,31.258165,77.6557982
MALAPRABHA(RENUKA),633.83,621.22,0.972,0.047,2016-03-16,5,13,11,215,-,31.258165,77.6557982
MALAPRABHA(RENUKA),633.83,633.3,0.972,0.904,2019-12-12,93,33,42,215.0,0.0,31.258165,77.6557982
MALAPRABHA(RENUKA),633.83,626.23,0.972,0.259,2020-06-04,27,4,5,215.0,0.0,31.258165,77.6557982
MALAPRABHA(RENUKA),633.83,621.91,0.972,0.102,2018-03-18,10,6,10,215,-,31.258165,77.6557982
MALAPRABHA(RENUKA),633.83,630.84,0.972,0.627,2023-01-05,65.0,79.0,37.0,215.0,0.0,31.258165,77.6557982
MALAPRABHA(RENUKA),633.83,626.21,0.972,0.258,2022-07-07,27.0,46.0,14.0,215.0,0.0,31.258165,77.6557982
MALAPRABHA(RENUKA),633.83,622.95,0.972,0.104,2023-06-28,11.0,24.0,14.0,215.0,0.0,31.258165,77.6557982
MALAPRABHA(RENUKA),633.83,629.44,0.972,0.498,2018-11-15,51,41,54,215,-,31.258165,77.6557982
MALAPRABHA(RENUKA),633.83,620.68,0.972,0.032,2017-07-04,3,0,12,215,-,31.258165,77.6557982
MALAPRABHA(RENUKA),633.83,621.52,0.972,0.056,2017-07-12,6,5,17,215,-,31.258165,77.6557982
MALAPRABHA(RENUKA),633.83,619.41,0.972,0.001,2016-06-27,0,0,7,215,-,31.258165,77.6557982
MALAPRABHA(RENUKA),633.83,625.36,0.972,0.209,2023-04-19,22.0,29.0,14.0,215.0,0.0,31.258165,77.6557982
MALAPRABHA(RENUKA),633.83,628.91,0.972,0.454,2018-08-02,47,25,34,215,-,31.258165,77.6557982
MALAPRABHA(RENUKA),633.83,621.29,0.972,0.049,2018-06-06,5,2,5,215,-,31.258165,77.6557982
MALAPRABHA(RENUKA),633.83,624.29,0.972,0.158,2019-02-14,16,15,17,215,-,31.258165,77.6557982
MALAPRABHA(RENUKA),633.83,621.27,0.972,0.048,2019-05-09,5,6,6,215,-,31.258165,77.6557982
MALAPRABHA(RENUKA),633.83,620.59,0.972,0.03,2016-04-20,3,11,8,215,-,31.258165,77.6557982
MALAPRABHA(RENUKA),633.83,626.12,0.972,0.252,2020-06-11,26,3,5,215.0,0.0,31.258165,77.6557982
MALAPRABHA(RENUKA),633.83,623.75,0.972,0.135,2017-02-22,14,6,15,215,-,31.258165,77.6557982
MALAPRABHA(RENUKA),633.83,630.33,0.972,0.578,2020-01-30,59,17,21,215.0,0.0,31.258165,77.6557982
MALAPRABHA(RENUKA),633.83,633.77,0.972,0.965,2021-09-23,99,95,63,215.0,0.0,31.258165,77.6557982
MALAPRABHA(RENUKA),633.83,633.61,0.972,0.944,2019-12-04,97,36,46,215.0,0.0,31.258165,77.6557982
MALAPRABHA(RENUKA),633.83,623.68,0.972,0.132,2024-05-07,14.0,19.0,13.0,215.0,0.0,31.258165,77.6557982
MALAPRABHA(RENUKA),633.83,633.83,0.972,0.972,2022-10-13,100.0,100.0,66.0,215.0,0.0,31.258165,77.6557982
MALAPRABHA(RENUKA),633.83,627.96,0.972,0.379,2023-11-30,39.0,86.0,58.0,215.0,0.0,31.258165,77.6557982
MALAPRABHA(RENUKA),633.83,621.08,0.972,0.043,2016-03-31,4,12,10,215,-,31.258165,77.6557982
MALAPRABHA(RENUKA),633.83,625.75,0.972,0.23,2022-05-26,24.0,21.0,8.0,215.0,0.0,31.258165,77.6557982
MALAPRABHA(RENUKA),633.83,627.95,0.972,0.378,2017-10-11,39,37,73,215,-,31.258165,77.6557982
MALAPRABHA(RENUKA),633.83,633.83,0.972,0.972,2019-10-28,100,63,59,215.0,0.0,31.258165,77.6557982
MALAPRABHA(RENUKA),633.83,625.49,0.972,0.217,2021-05-06,22,30,8,215.0,0.0,31.258165,77.6557982
MALAPRABHA(RENUKA),633.83,626.37,0.972,0.268,2015-11-05,28,74,76,215,-,31.258165,77.6557982
MALAPRABHA(RENUKA),633.83,624.69,0.972,0.18,2016-08-04,19,23,47,215,-,31.258165,77.6557982
MALAPRABHA(RENUKA),633.83,623.88,0.972,0.141,2016-08-11,15,26,59,215,-,31.258165,77.6557982
MALAPRABHA(RENUKA),633.83,623.33,0.972,0.121,2016-01-20,12,34,34,215,-,31.258165,77.6557982
MALAPRABHA(RENUKA),633.83,628.5,0.972,0.42,2020-03-05,43,14,14,215.0,0.0,31.258165,77.6557982
MALAPRABHA(RENUKA),633.83,625.46,0.972,0.214,2021-05-13,22,30,7,215.0,0.0,31.258165,77.6557982
MALAPRABHA(RENUKA),633.83,626.82,0.972,0.298,2020-04-30,31,5,7,215.0,0.0,31.258165,77.6557982
MALAPRABHA(RENUKA),633.83,633.83,0.972,0.972,2019-10-24,100,65,60,215.0,0.0,31.258165,77.6557982
MALAPRABHA(RENUKA),633.83,626.76,0.972,0.293,2016-11-24,30,17,61,215,-,31.258165,77.6557982
MALAPRABHA(RENUKA),633.83,632.83,0.972,0.847,2021-12-23,87.0,76.0,42.0,215.0,0.0,31.258165,77.6557982
MALAPRABHA(RENUKA),633.83,626.14,0.972,0.253,2023-03-30,26.0,35.0,13.0,215.0,0.0,31.258165,77.6557982
MALAPRABHA(RENUKA),633.83,633.83,0.972,0.972,2019-09-05,100,68,54,215.0,0.0,31.258165,77.6557982
MALAPRABHA(RENUKA),633.83,633.62,0.972,0.945,2020-11-05,97,100,59,215.0,0.0,31.258165,77.6557982
MALAPRABHA(RENUKA),633.83,629.9,0.972,0.539,2023-08-10,55.0,77.0,59.0,215.0,0.0,31.258165,77.6557982
MALAPRABHA(RENUKA),633.83,623.29,0.972,0.117,2023-06-15,12.0,23.0,10.0,215.0,0.0,31.258165,77.6557982
MALAPRABHA(RENUKA),633.83,623.91,0.972,0.142,2023-06-01,15.0,23.0,10.0,215.0,0.0,31.258165,77.6557982
MALAPRABHA(RENUKA),633.83,621.92,0.972,0.06,2018-04-25,6,4,8,215,-,31.258165,77.6557982
MALAPRABHA(RENUKA),633.83,625.82,0.972,0.234,2024-02-29,24.0,33.0,23.0,215.0,0.0,31.258165,77.6557982
MALAPRABHA(RENUKA),633.83,626.12,0.972,0.252,2024-02-15,26.0,41.0,28.0,215.0,0.0,31.258165,77.6557982
MALAPRABHA(RENUKA),633.83,626.69,0.972,0.289,2024-02-01,30.0,49.0,32.0,215.0,0.0,31.258165,77.6557982
MALAPRABHA(RENUKA),633.83,621.01,0.972,0.041,2016-04-07,4,12,9,215,-,31.258165,77.6557982
MALAPRABHA(RENUKA),633.83,620.96,0.972,0.04,2016-04-13,4,12,9,215,-,31.258165,77.6557982
MALAPRABHA(RENUKA),633.83,631.26,0.972,0.669,2020-01-16,69,22,26,215.0,0.0,31.258165,77.6557982
MALAPRABHA(RENUKA),633.83,620.48,0.972,0.027,2017-05-18,3,2,6,215,-,31.258165,77.6557982
MALAPRABHA(RENUKA),633.83,631.61,0.972,0.775,2020-01-02,80,24,31,215.0,0.0,31.258165,77.6557982
MALAPRABHA(RENUKA),633.83,625.16,0.972,0.199,2017-12-27,20,19,41,215,-,31.258165,77.6557982
MALAPRABHA(RENUKA),633.83,625.94,0.972,0.28,2017-12-13,29,24,51,215,-,31.258165,77.6557982
MALAPRABHA(RENUKA),633.83,630.94,0.972,0.637,2018-08-30,66,25,51,215,-,31.258165,77.6557982
MALAPRABHA(RENUKA),633.83,621.69,0.972,0.061,2018-06-21,6,1,6,215,-,31.258165,77.6557982
MALAPRABHA(RENUKA),633.83,633.18,0.972,0.889,2021-12-09,91.0,86.0,48.0,215.0,0.0,31.258165,77.6557982
MALAPRABHA(RENUKA),633.83,625.94,0.972,0.242,2023-04-06,25.0,32.0,14.0,215.0,0.0,31.258165,77.6557982
MALAPRABHA(RENUKA),633.83,625.69,0.972,0.227,2022-05-19,23.0,22.0,9.0,215.0,0.0,31.258165,77.6557982
MALAPRABHA(RENUKA),633.83,626.5,0.972,0.278,2015-08-26,29,57,70,215,-,31.258165,77.6557982
MALAPRABHA(RENUKA),633.83,630.24,0.972,0.57,2022-02-09,59.0,45.0,21.0,215.0,0.0,31.258165,77.6557982
MALAPRABHA(RENUKA),633.83,627.74,0.972,0.362,2017-10-04,37,36,67,215,-,31.258165,77.6557982
MALAPRABHA(RENUKA),633.83,619.96,0.972,0.014,2016-06-01,1,7,6,215,-,31.258165,77.6557982
MALAPRABHA(RENUKA),633.83,628.06,0.972,0.386,2021-02-18,40,51,19,215.0,0.0,31.258165,77.6557982
MALAPRABHA(RENUKA),633.83,631.27,0.972,0.671,2022-12-29,69.0,88.0,43.0,215.0,0.0,31.258165,77.6557982
MALAPRABHA(RENUKA),633.83,619.66,0.972,0.007,2016-06-15,1,6,6,215,-,31.258165,77.6557982
MALAPRABHA(RENUKA),633.83,632.7,0.972,0.831,2022-12-01,85.0,91.0,53.0,215.0,0.0,31.258165,77.6557982
MALAPRABHA(RENUKA),633.83,626.34,0.972,0.266,2015-11-12,27,70,73,215,-,31.258165,77.6557982
MALAPRABHA(RENUKA),633.83,632.0,0.972,0.75,2022-12-15,77.0,91.0,45.0,215.0,0.0,31.258165,77.6557982
MALAPRABHA(RENUKA),633.83,628.07,0.972,0.387,2020-03-12,40,12,11,215.0,0.0,31.258165,77.6557982
MALAPRABHA(RENUKA),633.83,627.81,0.972,0.367,2021-02-24,38,48,17,215.0,0.0,31.258165,77.6557982
MALAPRABHA(RENUKA),633.83,622.22,0.972,0.078,2017-07-19,8,13,22,215,-,31.258165,77.6557982
MALAPRABHA(RENUKA),633.83,625.57,0.972,0.221,2023-04-13,23.0,30.0,15.0,215.0,0.0,31.258165,77.6557982
MALAPRABHA(RENUKA),633.83,633.83,0.972,0.972,2019-09-12,100,68,56,215.0,0.0,31.258165,77.6557982
MALAPRABHA(RENUKA),633.83,633.68,0.972,0.953,2020-11-12,98,100,56,215.0,0.0,31.258165,77.6557982
MALAPRABHA(RENUKA),633.83,630.33,0.972,0.578,2022-07-21,59.0,54.0,23.0,215.0,0.0,31.258165,77.6557982
MALAPRABHA(RENUKA),633.83,621.99,0.972,0.071,2018-04-18,7,4,8,215,-,31.258165,77.6557982
MALAPRABHA(RENUKA),633.83,633.16,0.972,0.887,2020-08-27,91,100,53,215.0,0.0,31.258165,77.6557982
MALAPRABHA(RENUKA),633.83,632.19,0.972,0.77,2021-07-29,79,41,30,215.0,0.0,31.258165,77.6557982
MALAPRABHA(RENUKA),633.83,628.73,0.972,0.439,2021-07-01,45,26,9,215.0,0.0,31.258165,77.6557982
MALAPRABHA(RENUKA),633.83,629.11,0.972,0.47,2021-07-15,48,34,16,215.0,0.0,31.258165,77.6557982
MALAPRABHA(RENUKA),633.83,632.59,0.972,0.817,2019-12-26,84,25,37,215.0,0.0,31.258165,77.6557982
MALAPRABHA(RENUKA),633.83,621.17,0.972,0.045,2016-03-21,5,13,11,215,-,31.258165,77.6557982
MALAPRABHA(RENUKA),633.83,621.41,0.972,0.053,2019-05-01,5,7,7,215,-,31.258165,77.6557982
MALAPRABHA(RENUKA),633.83,621.61,0.972,0.091,2018-03-28,9,6,9,215,-,31.258165,77.6557982
MALAPRABHA(RENUKA),633.83,621.15,0.972,0.045,2019-05-16,5,6,7,215,-,31.258165,77.6557982
MALAPRABHA(RENUKA),633.83,629.29,0.972,0.485,2023-08-03,50.0,65.0,44.0,215.0,0.0,31.258165,77.6557982
MALAPRABHA(RENUKA),633.83,630.05,0.972,0.553,2023-08-17,57.0,90.0,63.0,215.0,0.0,31.258165,77.6557982
MALAPRABHA(RENUKA),633.83,633.8,0.972,0.969,2021-10-21,100,97,66,215.0,0.0,31.258165,77.6557982
MALAPRABHA(RENUKA),633.83,633.83,0.972,0.972,2022-09-08,100.0,97.0,61.0,215.0,0.0,31.258165,77.6557982
MALAPRABHA(RENUKA),633.83,624.92,0.972,0.187,2018-01-11,19,18,33,215,-,31.258165,77.6557982
MALAPRABHA(RENUKA),633.83,632.5,0.972,0.806,2021-12-30,83.0,71.0,36.0,215.0,0.0,31.258165,77.6557982
MALAPRABHA(RENUKA),633.83,626.87,0.972,0.301,2017-09-20,31,35,66,215,-,31.258165,77.6557982
MALAPRABHA(RENUKA),633.83,620.07,0.972,0.017,2016-05-25,2,8,6,215,-,31.258165,77.6557982
MALAPRABHA(RENUKA),633.83,626.95,0.972,0.289,2020-04-23,30,6,7,215.0,0.0,31.258165,77.6557982
MALAPRABHA(RENUKA),633.83,630.39,0.972,0.584,2018-11-01,60,51,61,215,-,31.258165,77.6557982
MALAPRABHA(RENUKA),633.83,629.63,0.972,0.515,2018-11-13,53,41,54,215,-,31.258165,77.6557982
MALAPRABHA(RENUKA),633.83,628.16,0.972,0.394,2018-11-29,41,35,55,215,-,31.258165,77.6557982
MALAPRABHA(RENUKA),633.83,626.3,0.972,0.264,2023-03-23,27.0,36.0,16.0,215.0,0.0,31.258165,77.6557982
MALAPRABHA(RENUKA),633.83,625.02,0.972,0.192,2018-01-03,20,19,37,215,-,31.258165,77.6557982
MALAPRABHA(RENUKA),633.83,622.45,0.972,0.104,2018-03-15,11,6,10,215,-,31.258165,77.6557982
MALAPRABHA(RENUKA),633.83,623.24,0.972,0.115,2018-02-28,12,12,14,215,-,31.258165,77.6557982
MALAPRABHA(RENUKA),633.83,628.02,0.972,0.383,2023-11-21,39.0,93.0,59.0,215.0,0.0,31.258165,77.6557982
MALAPRABHA(RENUKA),633.83,622.75,0.972,0.096,2024-05-30,10.0,15.0,12.0,215.0,0.0,31.258165,77.6557982
MALAPRABHA(RENUKA),633.83,632.97,0.972,0.863,2019-12-19,89,28,38,215.0,0.0,31.258165,77.6557982
MALAPRABHA(RENUKA),633.83,622.94,0.972,0.103,2024-05-22,11.0,17.0,12.0,215.0,0.0,31.258165,77.6557982
MALAPRABHA(RENUKA),633.83,633.01,0.972,0.868,2020-08-20,89,99,52,215.0,0.0,31.258165,77.6557982
MALAPRABHA(RENUKA),633.83,626.52,0.972,0.277,2020-06-25,28,2,5,215.0,0.0,31.258165,77.6557982
MALAPRABHA(RENUKA),633.83,628.38,0.972,0.411,2023-11-09,42.0,99.0,66.0,215.0,0.0,31.258165,77.6557982
MALAPRABHA(RENUKA),633.83,620.02,0.972,0.016,2019-07-04,2,9,9,215,-,31.258165,77.6557982
MALAPRABHA(RENUKA),633.83,626.59,0.972,0.284,2023-03-09,29.0,42.0,19.0,215.0,0.0,31.258165,77.6557982
MALAPRABHA(RENUKA),633.83,625.62,0.972,0.223,2017-07-27,23,15,31,215,-,31.258165,77.6557982
MALAPRABHA(RENUKA),633.83,627.23,0.972,0.326,2020-04-09,34,8,9,215.0,0.0,31.258165,77.6557982
MALAPRABHA(RENUKA),633.83,621.79,0.972,0.065,2015-06-24,7,3,6,215,-,31.258165,77.6557982
MALAPRABHA(RENUKA),633.83,626.44,0.972,0.274,2015-08-19,28,55,69,215,-,31.258165,77.6557982
MALAPRABHA(RENUKA),633.83,629.71,0.972,0.522,2022-02-17,54.0,40.0,19.0,215.0,0.0,31.258165,77.6557982
MALAPRABHA(RENUKA),633.83,630.62,0.972,0.608,2022-02-03,63.0,49.0,22.0,215.0,0.0,31.258165,77.6557982
MALAPRABHA(RENUKA),633.83,630.51,0.972,0.596,2018-08-23,61,24,50,215,-,31.258165,77.6557982
MALAPRABHA(RENUKA),633.83,630.06,0.972,0.554,2023-01-19,57.0,71.0,34.0,215.0,0.0,31.258165,77.6557982
MALAPRABHA(RENUKA),633.83,629.72,0.972,0.522,2023-01-25,54.0,68.0,32.0,215.0,0.0,31.258165,77.6557982
MALAPRABHA(RENUKA),633.83,633.83,0.972,0.972,2022-09-22,100.0,100.0,63.0,215.0,0.0,31.258165,77.6557982
MALAPRABHA(RENUKA),633.83,626.67,0.972,0.295,2017-12-06,30,21,52,215,-,31.258165,77.6557982
MALAPRABHA(RENUKA),633.83,624.29,0.972,0.158,2019-02-14,16,15,17,215,-,31.258165,77.6557982
MALAPRABHA(RENUKA),633.83,624.06,0.972,0.148,2017-02-02,15,9,24,215,-,31.258165,77.6557982
MALAPRABHA(RENUKA),633.83,625.96,0.972,0.243,2020-06-18,25,3,5,215.0,0.0,31.258165,77.6557982
MALAPRABHA(RENUKA),633.83,633.59,0.972,0.941,2021-09-02,97,94,63,215.0,0.0,31.258165,77.6557982
MALAPRABHA(RENUKA),633.83,633.83,0.972,0.972,2021-09-16,100,94,63,215.0,0.0,31.258165,77.6557982
MALAPRABHA(RENUKA),633.83,620.37,0.972,0.024,2016-04-25,2,10,8,215,-,31.258165,77.6557982
MALAPRABHA(RENUKA),633.83,623.86,0.972,0.14,2017-02-15,14,7,17,215,-,31.258165,77.6557982
MALAPRABHA(RENUKA),633.83,624.69,0.972,0.211,2019-01-17,22,18,27,215,-,31.258165,77.6557982
MALAPRABHA(RENUKA),633.83,627.69,0.972,0.359,2016-10-06,37,28,73,215,-,31.258165,77.6557982
MALAPRABHA(RENUKA),633.83,627.59,0.972,0.351,2022-03-24,36.0,28.0,14.0,215.0,0.0,31.258165,77.6557982
MALAPRABHA(RENUKA),633.83,624.68,0.972,0.177,2015-07-16,18,2,23,215,-,31.258165,77.6557982
MALAPRABHA(RENUKA),633.83,624.64,0.972,0.175,2015-07-01,18,3,10,215,-,31.258165,77.6557982
MALAPRABHA(RENUKA),633.83,622.57,0.972,0.09,2024-06-13,9.0,13.0,10.0,215.0,0.0,31.258165,77.6557982
MALAPRABHA(RENUKA),633.83,630.92,0.972,0.635,2018-10-24,65,41,62,215,-,31.258165,77.6557982
MALAPRABHA(RENUKA),633.83,619.7,0.972,0.008,2017-06-28,1,0,8,215,-,31.258165,77.6557982
MALAPRABHA(RENUKA),633.83,627.56,0.972,0.349,2021-03-02,36,45,16,215.0,0.0,31.258165,77.6557982
MALAPRABHA(RENUKA),633.83,628.91,0.972,0.454,2020-02-27,47,15,15,215.0,0.0,31.258165,77.6557982
MALAPRABHA(RENUKA),633.83,626.26,0.972,0.261,2017-08-10,27,30,51,215,-,31.258165,77.6557982
MALAPRABHA(RENUKA),633.83,620.03,0.972,0.016,2017-06-14,2,1,5,215,-,31.258165,77.6557982
MALAPRABHA(RENUKA),633.83,626.75,0.972,0.293,2020-05-06,30,5,7,215.0,0.0,31.258165,77.6557982
MALAPRABHA(RENUKA),633.83,626.21,0.972,0.258,2018-12-20,27,21,41,215,-,31.258165,77.6557982
MALAPRABHA(RENUKA),633.83,633.13,0.972,0.883,2022-11-24,91.0,90.0,56.0,215.0,0.0,31.258165,77.6557982
MALAPRABHA(RENUKA),633.83,623.86,0.972,0.14,2015-12-22,14,52,53,215,-,31.258165,77.6557982
MALAPRABHA(RENUKA),633.83,633.28,0.972,0.902,2021-08-19,93,90,55,215.0,0.0,31.258165,77.6557982
MALAPRABHA(RENUKA),633.83,632.34,0.972,0.788,2022-08-11,81.0,90.0,51.0,215.0,0.0,31.258165,77.6557982
MALAPRABHA(RENUKA),633.83,631.03,0.972,0.646,2022-08-04,66.0,85.0,41.0,215.0,0.0,31.258165,77.6557982
MALAPRABHA(RENUKA),633.83,631.42,0.972,0.687,2022-01-20,71.0,58.0,28.0,215.0,0.0,31.258165,77.6557982
MALAPRABHA(RENUKA),633.83,633.06,0.972,0.875,2021-11-11,90.0,98.0,60.0,215.0,0.0,31.258165,77.6557982
MALAPRABHA(RENUKA),633.83,623.77,0.972,0.136,2019-03-07,14,11,13,215,-,31.258165,77.6557982
MALAPRABHA(RENUKA),633.83,627.37,0.972,0.336,2020-07-16,35,27,15,215.0,0.0,31.258165,77.6557982
MALAPRABHA(RENUKA),633.83,629.68,0.972,0.519,2021-01-28,53,61,25,215.0,0.0,31.258165,77.6557982
MALAPRABHA(RENUKA),633.83,626.06,0.972,0.249,2020-07-02,26,2,8,215.0,0.0,31.258165,77.6557982
MALAPRABHA(RENUKA),633.83,621.55,0.972,0.057,2017-03-29,6,5,9,215,-,31.258165,77.6557982
MALAPRABHA(RENUKA),633.83,630.54,0.972,0.599,2021-01-14,62,70,30,215.0,0.0,31.258165,77.6557982
MALAPRABHA(RENUKA),633.83,629.11,0.972,0.47,2023-10-12,48.0,100.0,71.0,215.0,0.0,31.258165,77.6557982
MALAPRABHA(RENUKA),633.83,627.22,0.972,0.325,2021-03-11,33,40,13,215.0,0.0,31.258165,77.6557982
MALAPRABHA(RENUKA),633.83,633.83,0.972,0.972,2019-11-07,100,57,55,215.0,0.0,31.258165,77.6557982
MALAPRABHA(RENUKA),633.83,631.0,0.972,0.644,2018-10-17,66,41,62,215,-,31.258165,77.6557982
MALAPRABHA(RENUKA),633.83,622.66,0.972,0.093,2024-06-06,10.0,14.0,11.0,215.0,0.0,31.258165,77.6557982
MALAPRABHA(RENUKA),633.83,627.68,0.972,0.358,2016-10-13,37,28,76,215,-,31.258165,77.6557982
MALAPRABHA(RENUKA),633.83,627.46,0.972,0.342,2017-11-29,35,27,60,215,-,31.258165,77.6557982
MALAPRABHA(RENUKA),633.83,631.21,0.972,0.664,2018-09-12,68,28,57,215,-,31.258165,77.6557982
MALAPRABHA(RENUKA),633.83,624.36,0.972,0.161,2023-05-23,17.0,24.0,11.0,215.0,0.0,31.258165,77.6557982
MALAPRABHA(RENUKA),633.83,627.35,0.972,0.334,2024-01-25,34.0,54.0,36.0,215.0,0.0,31.258165,77.6557982
MALAPRABHA(RENUKA),633.83,623.64,0.972,0.13,2016-07-19,13,18,25,215,-,31.258165,77.6557982
MALAPRABHA(RENUKA),633.83,633.47,0.972,0.926,2021-08-26,95,91,57,215.0,0.0,31.258165,77.6557982
MALAPRABHA(RENUKA),633.83,622.15,0.972,0.076,2016-02-10,8,20,22,215,-,31.258165,77.6557982
MALAPRABHA(RENUKA),633.83,621.28,0.972,0.049,2017-04-12,5,4,8,215,-,31.258165,77.6557982
MALAPRABHA(RENUKA),633.83,621.93,0.972,0.069,2019-04-16,7,7,8,215,-,31.258165,77.6557982
MALAPRABHA(RENUKA),633.83,623.68,0.972,0.132,2023-07-20,14.0,58.0,27.0,215.0,0.0,31.258165,77.6557982
MALAPRABHA(RENUKA),633.83,626.35,0.972,0.249,2016-12-01,26,15,58,215,-,31.258165,77.6557982
MALAPRABHA(RENUKA),633.83,625.1,0.972,0.196,2016-12-14,20,15,52,215,-,31.258165,77.6557982
MALAPRABHA(RENUKA),633.83,621.53,0.972,0.056,2019-04-25,6,6,7,215,-,31.258165,77.6557982
MALAPRABHA(RENUKA),633.83,621.44,0.972,0.054,2017-04-06,6,4,8,215,-,31.258165,77.6557982
MALAPRABHA(RENUKA),633.83,620.16,0.972,0.019,2016-05-18,2,8,7,215,-,31.258165,77.6557982
MALAPRABHA(RENUKA),633.83,633.47,0.972,0.926,2020-09-10,95,100,59,215.0,0.0,31.258165,77.6557982
MALAPRABHA(RENUKA),633.83,622.39,0.972,0.084,2016-02-03,9,24,25,215,-,31.258165,77.6557982
MALAPRABHA(RENUKA),633.83,629.2,0.972,0.478,2023-10-05,49.0,100.0,74.0,215.0,0.0,31.258165,77.6557982
MALAPRABHA(RENUKA),633.83,625.36,0.972,0.209,2024-03-21,22.0,27.0,18.0,215.0,0.0,31.258165,77.6557982
MALAPRABHA(RENUKA),633.83,627.74,0.972,0.363,2023-12-28,37.0,69.0,48.0,215.0,0.0,31.258165,77.6557982
MALAPRABHA(RENUKA),633.83,627.88,0.972,0.373,2023-12-14,38.0,78.0,55.0,215.0,0.0,31.258165,77.6557982
MALAPRABHA(RENUKA),633.83,627.61,0.972,0.353,2024-01-18,36.0,57.0,37.0,215.0,0.0,31.258165,77.6557982
MALAPRABHA(RENUKA),633.83,624.57,0.972,0.171,2023-05-18,18.0,23.0,10.0,215.0,0.0,31.258165,77.6557982
MALAPRABHA(RENUKA),633.83,631.2,0.972,0.663,2018-09-05,68,27,55,215,-,31.258165,77.6557982
MALAPRABHA(RENUKA),633.83,620.37,0.972,0.024,2019-06-20,2,6,5,215,-,31.258165,77.6557982
MALAPRABHA(RENUKA),633.83,628.07,0.972,0.387,2017-11-22,40,31,65,215,-,31.258165,77.6557982
MALAPRABHA(RENUKA),633.83,631.85,0.972,0.733,2020-12-24,75,86,41,215.0,0.0,31.258165,77.6557982
MALAPRABHA(RENUKA),633.83,633.83,0.972,0.972,2019-11-11,100,54,55,215.0,0.0,31.258165,77.6557982
MALAPRABHA(RENUKA),633.83,633.83,0.972,0.972,2019-11-28,100,42,49,215.0,0.0,31.258165,77.6557982
MALAPRABHA(RENUKA),633.83,626.65,0.972,0.286,2020-05-14,29,6,6,215.0,0.0,31.258165,77.6557982
MALAPRABHA(RENUKA),633.83,626.36,0.972,0.267,2015-10-07,27,75,81,215,-,31.258165,77.6557982
MALAPRABHA(RENUKA),633.83,626.34,0.972,0.266,2020-05-28,27,4,5,215.0,0.0,31.258165,77.6557982
MALAPRABHA(RENUKA),633.83,625.05,0.972,0.193,2024-04-04,20.0,26.0,17.0,215.0,0.0,31.258165,77.6557982
MALAPRABHA(RENUKA),633.83,621.62,0.972,0.059,2017-03-23,6,5,9,215,-,31.258165,77.6557982
MALAPRABHA(RENUKA),633.83,630.98,0.972,0.642,2021-01-07,66,74,33,215.0,0.0,31.258165,77.6557982
MALAPRABHA(RENUKA),633.83,623.68,0.972,0.132,2015-12-30,14,49,46,215,-,31.258165,77.6557982
MALAPRABHA(RENUKA),633.83,623.3,0.972,0.117,2019-03-13,12,11,11,215,-,31.258165,77.6557982
MALAPRABHA(RENUKA),633.83,622.45,0.972,0.086,2019-03-28,9,6,9,215,-,31.258165,77.6557982
MALAPRABHA(RENUKA),633.83,631.01,0.972,0.644,2022-01-27,66.0,54.0,26.0,215.0,0.0,31.258165,77.6557982
MALAPRABHA(RENUKA),633.83,629.58,0.972,0.511,2023-09-21,53.0,100.0,73.0,215.0,0.0,31.258165,77.6557982
MALAPRABHA(RENUKA),633.83,633.4,0.972,0.917,2021-11-03,94.0,98.0,61.0,215.0,0.0,31.258165,77.6557982
MALAPRABHA(RENUKA),633.83,633.83,0.972,0.972,2020-10-08,100,100,62,215.0,0.0,31.258165,77.6557982
MALAPRABHA(RENUKA),633.83,621.6,0.972,0.058,2018-05-16,6,3,7,215,-,31.258165,77.6557982
MALAPRABHA(RENUKA),633.83,621.83,0.972,0.056,2018-05-02,6,4,7,215,-,31.258165,77.6557982
MALAPRABHA(RENUKA),633.83,623.35,0.972,0.119,2018-02-22,12,14,16,215,-,31.258165,77.6557982
MALAPRABHA(RENUKA),633.83,625.94,0.972,0.242,2018-12-26,25,21,43,215,-,31.258165,77.6557982
MALAPRABHA(RENUKA),633.83,626.0,0.972,0.245,2017-08-02,25,16,39,215,-,31.258165,77.6557982
MALAPRABHA(RENUKA),633.83,629.35,0.972,0.491,2020-02-20,51,15,17,215.0,0.0,31.258165,77.6557982
MALAPRABHA(RENUKA),633.83,626.09,0.972,0.251,2017-08-16,26,28,59,215,-,31.258165,77.6557982
MALAPRABHA(RENUKA),633.83,626.48,0.972,0.275,2015-10-20,28,74,80,215,-,31.258165,77.6557982
MALAPRABHA(RENUKA),633.83,627.66,0.972,0.356,2016-09-08,37,28,68,215,-,31.258165,77.6557982
MALAPRABHA(RENUKA),633.83,626.01,0.972,0.246,2021-04-22,25,32,9,215.0,0.0,31.258165,77.6557982
MALAPRABHA(RENUKA),633.83,631.43,0.972,0.687,2020-12-31,71,81,34,215.0,0.0,31.258165,77.6557982
MALAPRABHA(RENUKA),633.25,0.0,72.0,0.8,2019-08-07,2,48,44,215,-,31.258165,77.6557982
MALAPRABHA(RENUKA),633.83,625.31,0.972,0.223,2019-01-10,23,19,30,215,-,31.258165,77.6557982
MALAPRABHA(RENUKA),633.83,633.8,0.972,0.969,2019-08-21,100,59,48,215,-,31.258165,77.6557982
MALAPRABHA(RENUKA),633.83,620.2,0.972,0.02,2019-06-27,2,6,6,215,-,31.258165,77.6557982
MALAPRABHA(RENUKA),633.83,629.1,0.972,0.469,2023-02-02,48.0,63.0,29.0,215.0,0.0,31.258165,77.6557982
MALAPRABHA(RENUKA),633.83,628.2,0.972,0.397,2023-02-16,41.0,54.0,24.0,215.0,0.0,31.258165,77.6557982
MALAPRABHA(RENUKA),633.83,624.27,0.972,0.157,2017-01-19,16,12,30,215,-,31.258165,77.6557982
MALAPRABHA(RENUKA),633.83,624.2,0.972,0.154,2017-01-24,16,11,27,215,-,31.258165,77.6557982
MALAPRABHA(RENUKA),633.83,626.14,0.972,0.254,2021-04-08,26,34,10,215.0,0.0,31.258165,77.6557982
MALAPRABHA(RENUKA),633.83,627.48,0.972,0.344,2016-09-22,35,27,71,215,-,31.258165,77.6557982
MALAPRABHA(RENUKA),633.83,627.92,0.972,0.376,2023-12-07,39.0,81.0,55.0,215.0,0.0,31.258165,77.6557982
MALAPRABHA(RENUKA),633.83,633.4,0.972,0.918,2020-09-17,94,100,60,215.0,0.0,31.258165,77.6557982
MALAPRABHA(RENUKA),633.83,633.37,0.972,0.914,2020-09-03,94,100,60,215.0,0.0,31.258165,77.6557982
MALAPRABHA(RENUKA),633.83,624.25,0.972,0.156,2018-02-08,16,15,20,215,-,31.258165,77.6557982
MALAPRABHA(RENUKA),633.83,633.59,0.972,0.941,2020-10-22,97,100,63,215.0,0.0,31.258165,77.6557982
MALAPRABHA(RENUKA),633.83,628.13,0.972,0.392,2023-07-27,40.0,62.0,37.0,215.0,0.0,31.258165,77.6557982
MALAPRABHA(RENUKA),633.83,622.58,0.972,0.091,2017-03-08,9,5,12,215,-,31.258165,77.6557982
MALAPRABHA(RENUKA),633.83,628.5,0.972,0.42,2021-06-24,43,29,7,215.0,0.0,31.258165,77.6557982
MALAPRABHA(RENUKA),633.83,624.36,0.972,0.161,2024-04-12,17.0,23.0,15.0,215.0,0.0,31.258165,77.6557982
MALAPRABHA(RENUKA),633.83,626.31,0.972,0.266,2015-09-16,27,73,77,215,-,31.258165,77.6557982
MALAPRABHA(RENUKA),633.83,628.24,0.972,0.4,2017-11-08,41,32,62,215,-,31.258165,77.6557982
MALAPRABHA(RENUKA),633.83,622.42,0.972,0.085,2018-07-05,9,4,11,215,-,31.258165,77.6557982
